2021-04-27T13:35:22.079
1, 4, 14.484000000000002, 3.3120000000000003, 12.810000000000002, -2.7559999999999993, 0.19199999999999995, -2.784, -7.6339999999999995, 0.0, 5.537999999999999, -6.619999999999999
2, 4, 7.991999999999999, 11.76, -5.0699999999999985, 3.406, -4.5, -9.150000000000002, 10.14, -7.440000000000001, -8.791999999999998, -10.86
3, 4, -5.42, -6.92, -6.37, -8.544, 3.4980000000000007, 0.718, 2.0759999999999996, 0.0, -10.322000000000001, 3.192
4, 4, -4.9399999999999995, 8.514, -11.129999999999999, -8.16, -7.655999999999999, -8.207999999999998, 0.506, 2.7159999999999993, -7.3, -13.536000000000001
5, 4, -6.888000000000001, -10.95, -9.93, 0.0, -7.22, 8.579999999999998, 0.0, -11.97, -12.980000000000002, 0.0
6, 4, -0.1140000000000001, 1.3679999999999999, -10.62, -3.938000000000001, 6.24, 7.171999999999999, 8.605999999999998, 5.485999999999999, -9.408, -8.808
7, 4, -6.37, 7.631999999999999, 0.6640000000000001, -8.544, -10.64, -9.540000000000001, -6.312, -6.579999999999999, -2.393999999999998, -10.948
8, 4, -11.76, 0.3939999999999999, 11.368, -4.704, -9.155999999999999, 0.0, 6.041999999999999, -7.3580000000000005, 0.0, -4.685999999999999
9, 4, -6.9719999999999995, 0.728, -6.659999999999999, -5.381999999999999, -5.940000000000001, 9.0, 0.9600000000000002, -8.345999999999998, -6.929999999999999, -10.29
10, 4, -9.648, -6.1800000000000015, 1.2919999999999998, -7.943999999999999, -5.280000000000001, -9.267999999999999, -8.684, -7.149999999999999, -12.648, -1.3200000000000012
11, 4, 5.184000000000001, -7.853999999999999, -6.162, -9.184000000000001, 10.268, -11.19, -5.478, 8.579999999999998, -9.771999999999998, -7.960000000000001
12, 4, -12.896, 0.0, -5.764, 6.050000000000001, 7.42, -8.814, -9.419999999999998, -8.549999999999999, -8.875999999999998, 0.0
13, 4, -9.899999999999999, 4.290000000000001, -8.866, -13.872000000000002, -8.372000000000002, -7.325999999999999, -13.472000000000001, 0.518, -8.832, 0.526
14, 4, -7.200000000000001, -7.196, -8.778, -10.743999999999998, -9.968, -10.842, -6.248000000000001, -6.76, -7.967999999999999, -4.42
15, 4, 1.448, -9.724, -8.088, 10.080000000000002, -8.596000000000002, -9.296, 4.200000000000001, 9.126, -8.328, -8.034
16, 4, 8.475999999999999, 0.9780000000000002, -11.16, -10.234000000000002, -10.478000000000002, -9.569999999999999, -9.94, -7.74, 13.634, -10.709999999999999
17, 4, -0.5920000000000001, -7.149999999999999, -7.787999999999999, -9.240000000000002, -9.968, 3.2199999999999998, -7.986, 1.554, -6.314000000000001, -6.175999999999998
18, 4, -12.032, 8.856, -8.940000000000001, -11.389999999999999, 0.0, 8.371999999999998, -3.440000000000001, 0.5399999999999998, 0.4159999999999999, 3.1020000000000003
19, 4, -10.27, -10.89, 3.168, 1.3, 0.5960000000000001, -12.3, 9.0, -5.4239999999999995, -9.18, -6.696000000000001
20, 4, -10.527999999999999, 1.3680000000000012, -9.664000000000001, -10.95, -5.683999999999999, 7.476000000000001, -9.958, 3.5200000000000005, -9.323999999999998, -12.159999999999998
21, 4, -7.336, -6.162, -9.463999999999999, -6.336, -7.7, 0.9079999999999999, -3.9260000000000006, -5.797999999999999, -7.703999999999999, -9.995999999999999
22, 4, 7.566000000000001, 8.879999999999999, -4.732000000000001, -12.810000000000002, 0.0, -8.338000000000001, -4.080000000000001, 3.4980000000000007, 11.088000000000001, 10.219999999999999
23, 4, -2.26, -7.35, -6.220000000000001, -9.386, 3.724, -10.35, 0.0, -4.289999999999999, -5.4239999999999995, 0.5880000000000001
24, 4, -9.728000000000002, -4.861999999999999, -7.327999999999999, 7.545999999999999, -2.794, -6.175999999999998, -9.074, -8.294, -9.419999999999998, -7.823999999999999
25, 4, -12.818, -7.895999999999999, -8.778, -11.931999999999999, 0.544, -7.359999999999999, -8.086000000000002, -7.826000000000001, -7.0, -6.8999999999999995
26, 4, 13.702000000000002, 7.81, -10.836, -3.420000000000001, -8.879999999999999, -9.048, -8.03, 8.847999999999999, 5.824, 3.894000000000001
27, 4, 14.616000000000001, -12.236, 4.602000000000001, -10.388, -5.147999999999999, 1.5, -8.832, 0.8879999999999999, 8.736, 3.096
28, 4, -8.07, -8.64, -11.004000000000001, -5.654, -4.539999999999999, -8.819999999999999, -3.1900000000000004, -1.7100000000000015, -7.5040000000000004, 10.304
29, 4, 9.150000000000002, -9.024000000000001, -12.896, -13.158000000000001, -9.144, 3.472, -10.5, -12.192, -4.818, 7.320000000000001
30, 4, 1.1600000000000001, 8.184, -9.84, 10.92, -11.284, 0.0, -10.556000000000001, 0.0, 3.7920000000000007, -10.59
31, 4, 9.126, -6.859999999999999, -9.419999999999998, 0.764, -6.336, -6.929999999999999, 8.398, -9.66, 0.0, -5.954
32, 4, -0.020000000000000018, -7.476000000000001, -13.906, -6.890000000000001, -8.280000000000001, 6.072000000000001, -9.75, 8.184, 6.032, 6.682
33, 4, -1.2980000000000012, -9.168, 9.000000000000002, 9.072, -10.559999999999999, 1.4079999999999988, -11.34, -7.325999999999999, 4.818, 0.0
34, 4, -11.129999999999999, 0.5840000000000001, -11.312000000000001, -4.830000000000001, -11.16, -12.64, -4.379999999999999, -10.169999999999998, 4.224000000000001, 0.09800000000000009
35, 4, 10.332, -8.232, -9.66, -6.5760000000000005, -6.888000000000001, 2.3999999999999995, -6.379999999999999, -10.696, 3.652000000000001, -9.894000000000002
36, 4, -8.943999999999999, -12.870000000000001, -5.412, -6.020000000000001, -11.936, -4.6419999999999995, -5.784, -2.64, -5.303999999999999, -5.351999999999999
37, 4, -2.74, -5.063999999999999, 8.97, -9.464, 7.2379999999999995, 9.464, -2.36, -5.403999999999998, 0.8999999999999999, 7.15
38, 4, -3.500000000000001, -8.232, 4.928000000000001, -2.131999999999999, 0.0, -7.98, -5.522, 4.784000000000002, -6.094, 1.737999999999999
39, 4, 9.090000000000002, 0.0, 0.0, -7.128000000000001, 0.0, -5.610000000000001, 9.0, 3.04, 0.0, -7.59
40, 4, 9.144, 11.816, 0.0, -7.030000000000002, 7.347999999999999, -5.277999999999999, -5.688, -3.87, -11.28, 7.163999999999998
41, 4, 0.5640000000000001, 0.5640000000000001, 8.352, 0.0, -9.698, -8.100000000000001, -6.76, -5.4, -9.351999999999999, -8.943999999999999
42, 4, 9.203999999999999, 12.690000000000001, 6.419999999999999, -11.936, 0.0, 9.099999999999998, -8.190000000000001, -10.59, -9.336, 8.866
43, 4, -6.989999999999999, -8.28, -4.810000000000001, 0.0, -7.061999999999999, 5.459999999999999, -8.206, -2.58, -7.986, -3.620000000000001
44, 4, -13.088000000000001, 1.2559999999999998, -8.68, -14.111999999999998, -6.534000000000001, -3.5760000000000005, -11.899999999999999, 8.204, 6.380000000000001, 9.384
45, 4, -6.459999999999999, -7.744, 0.482, -11.04, 8.184, -0.1200000000000001, -4.862000000000002, 2.926, -8.303999999999998, 3.484
46, 4, -12.420000000000002, 0.9600000000000002, 0.0, 3.2340000000000004, -8.137999999999998, 3.2340000000000004, -11.200000000000001, -10.41, 8.424, 7.744
47, 4, 0.9279999999999999, -3.2600000000000007, -4.676000000000001, -14.508000000000001, -10.948, -10.01, 6.984000000000001, 1.8919999999999992, -6.239999999999998, 6.994000000000001
48, 4, 5.225999999999999, -5.36, 7.336, 7.9300000000000015, 3.7440000000000007, -6.776000000000002, 5.879999999999999, 0.73, -5.6419999999999995, -0.04400000000000004
49, 4, -7.631999999999999, -6.336, -6.499999999999999, -8.036000000000001, -8.942, 0.0, 2.928, 6.879999999999999, 7.98, 14.367999999999999
50, 4, 9.436, 0.0, 4.420000000000001, 0.5660000000000001, 3.2780000000000005, 4.576000000000001, -5.832, 7.853999999999999, 8.161999999999999, -4.459999999999999
best function value -14.508000000000001 at evaluation 464
2021-04-27T14:46:05.004
-0.1199203948847346, 0.13411041694159226, 0.15472078266973807, 0.66488370664338, 1.4387134859203903, 2.444032784183201
